"Allocation","Num","mean","std","rrr","sharpe1","sharpe2","type"
"Large_Cap: 0%,  Fixed: 100%",0,0.00435752907589662,0.0147525155698295,0.295375324653663,0.277850339543552,0.279468747474967,"Monthly"
"Large_Cap: 1%,  Fixed: 99%",1,0.00440907176194177,0.0146895738757028,0.300149738804511,0.28254966286728,0.284175005331844,"Monthly"
"Large_Cap: 2%,  Fixed: 98%",2,0.00446061444798693,0.0146461865514267,0.304558079492194,0.28690586573743,0.288536023056722,"Monthly"
"Large_Cap: 3%,  Fixed: 97%",3,0.00451215713403209,0.0146225276606492,0.308575729090586,0.290894954487321,0.292527749361137,"Monthly"
"Large_Cap: 4%,  Fixed: 96%",4,0.00456369982007725,0.0146186929891664,0.312182479203804,0.294497066705605,0.296130289882549,"Monthly"
"Large_Cap: 5%,  Fixed: 95%",5,0.0046152425061224,0.0146346981203697,0.315363013856676,0.29769694288128,0.29932837989557,"Monthly"
"Large_Cap: 6%,  Fixed: 94%",6,0.00466678519216756,0.0146704781201907,0.318107232356985,0.300484247367687,0.302111705451256,"Monthly"
"Large_Cap: 7%,  Fixed: 93%",7,0.00471832787821272,0.0147258888462948,0.320410396103179,0.302853723063168,0.304475057330712,"Monthly"
"Large_Cap: 8%,  Fixed: 92%",8,0.00476987056425788,0.0148007098204668,0.322273095149934,0.304805175108665,0.306418313160566,"Monthly"
"Large_Cap: 9%,  Fixed: 91%",9,0.00482141325030303,0.0148946485323988,0.323701042009518,0.306343289986328,0.307946254175419,"Monthly"
"Large_Cap: 10%,  Fixed: 90%",10,0.00487295593634819,0.0150073459830682,0.324704710736065,0.307477306504188,0.309068233256558,"Monthly"
"Large_Cap: 11%,  Fixed: 89%",11,0.00492449862239335,0.0151383832308846,0.325298847788885,0.308220563288167,0.309797719041354,"Monthly"
"Large_Cap: 12%,  Fixed: 88%",12,0.00497604130843851,0.0152872886763003,0.325501886816123,0.308589952909965,0.310151746417767,"Monthly"
"Large_Cap: 13%,  Fixed: 87%",13,0.00502758399448366,0.0154535458111641,0.325335302067153,0.308605315379492,0.310150306315442,"Monthly"
"Large_Cap: 14%,  Fixed: 86%",14,0.00507912668052882,0.0156366011665179,0.324822934756728,0.308288803525477,0.309815707483203,"Monthly"
"Large_Cap: 15%,  Fixed: 85%",15,0.00513066936657398,0.0158358722141076,0.32399032381704,0.307664250191135,0.309171940319201,"Monthly"
"Large_Cap: 16%,  Fixed: 84%",16,0.00518221205261914,0.0160507550090373,0.322864067746428,0.306756562800251,0.3082440684156,"Monthly"
"Large_Cap: 17%,  Fixed: 83%",17,0.00523375473866429,0.0162806313998113,0.321471238438882,0.305591165403082,0.307057667998725,"Monthly"
"Large_Cap: 18%,  Fixed: 82%",18,0.00528529742470945,0.0165248756736837,0.319838861670011,0.304193502467117,0.305638329567666,"Monthly"
"Large_Cap: 19%,  Fixed: 81%",19,0.00533684011075461,0.0167828605464825,0.317993472922776,0.302588613007395,0.304011230334185,"Monthly"
"Large_Cap: 20%,  Fixed: 80%",20,0.00538838279679977,0.0170539624443251,0.315960751900965,0.30080077857852,0.302200780970016,"Monthly"
"Large_Cap: 21%,  Fixed: 79%",21,0.00543992548284492,0.0173375660581298,0.31376523467053,0.298853244438965,0.3002303459379,"Monthly"
"Large_Cap: 22%,  Fixed: 78%",22,0.00549146816889008,0.0176330681795703,0.311430099002991,0.296768009962952,0.298122033435407,"Monthly"
"Large_Cap: 23%,  Fixed: 77%",23,0.00554301085493524,0.017939880848783,0.308977016160688,0.29456568211242,0.295896548711132,"Monthly"
"Large_Cap: 24%,  Fixed: 76%",24,0.0055945535409804,0.0182574338599235,0.306426060962536,0.292265384402976,0.293573103132219,"Monthly"
"Large_Cap: 25%,  Fixed: 75%",25,0.00564609622702555,0.0185851766811141,0.303795671351514,0.289884713165108,0.291169370750892,"Monthly"
"Large_Cap: 26%,  Fixed: 74%",26,0.00569763891307071,0.0189225798511928,0.301102648680939,0.287439732855979,0.288701484075648,"Monthly"
"Large_Cap: 27%,  Fixed: 73%",27,0.00574918159911587,0.0192691359178117,0.298362190377283,0.284945002559381,0.286184061140336,"Monthly"
"Large_Cap: 28%,  Fixed: 72%",28,0.00580072428516103,0.0196243599806779,0.295587947371146,0.282413626478515,0.283630256637667,"Monthly"
"Large_Cap: 29%,  Fixed: 71%",29,0.00585226697120618,0.0199877899008659,0.292792099588393,0.279857322057699,0.281051830721486,"Monthly"
"Large_Cap: 30%,  Fixed: 70%",30,0.00590380965725134,0.0203589862328377,0.289985443760893,0.277286500270232,0.278459229989358,"Monthly"
"Large_Cap: 31%,  Fixed: 69%",31,0.0059553523432965,0.0207375319306418,0.287177488778057,0.274710353510339,0.275861676063398,"Monthly"
"Large_Cap: 32%,  Fixed: 68%",32,0.00600689502934166,0.0211230318741818,0.284376554706797,0.27213694737969,0.273267258044785,"Monthly"
"Large_Cap: 33%,  Fixed: 67%",33,0.00605843771538681,0.0215151122557797,0.281589872428358,0.269573313433715,0.270683025896411,"Monthly"
"Large_Cap: 34%,  Fixed: 66%",34,0.00610998040143197,0.0219134198617583,0.278823681560297,0.267025540634374,0.268115082493069,"Monthly"
"Large_Cap: 35%,  Fixed: 65%",35,0.00616152308747713,0.022317621278586,0.276083324945978,0.264498863839183,0.265568672664618,"Monthly"
"Large_Cap: 36%,  Fixed: 64%",36,0.00621306577352229,0.0227274020483839,0.273373338505449,0.261997748143315,0.263048268046809,"Monthly"
"Large_Cap: 37%,  Fixed: 63%",37,0.00626460845956745,0.0231424657943178,0.27069753565783,0.259525968289178,0.260557646953791,"Monthly"
"Large_Cap: 38%,  Fixed: 62%",38,0.0063161511456126,0.0235625333326289,0.268059085856704,0.257086682675424,0.258099968805124,"Monthly"
"Large_Cap: 39%,  Fixed: 61%",39,0.00636769383165776,0.0239873417847647,0.265460587037707,0.254682501745149,0.255677842888855,"Monthly"
"Large_Cap: 40%,  Fixed: 60%",40,0.00641923651770292,0.0244166437002465,0.262904131972819,0.252315550721771,0.253293391431561,"Monthly"
"Large_Cap: 41%,  Fixed: 59%",41,0.00647077920374808,0.0248502061985057,0.260391368669495,0.24998752680063,0.250948307086146,"Monthly"
"Large_Cap: 42%,  Fixed: 58%",42,0.00652232188979323,0.0252878101359036,0.257923555054411,0.247699751003824,0.248643905047935,"Monthly"
"Large_Cap: 43%,  Fixed: 57%",43,0.00657386457583839,0.0257292493024682,0.255501608249711,0.245453214973303,0.246381170077079,"Monthly"
"Large_Cap: 44%,  Fixed: 56%",44,0.00662540726188355,0.0261743296515003,0.253126148791504,0.243248623019488,0.244160798747555,"Monthly"
"Large_Cap: 45%,  Fixed: 55%",45,0.00667694994792871,0.0266228685640758,0.250797540162085,0.241086429765559,0.241983237265813,"Monthly"
"Large_Cap: 46%,  Fixed: 54%",46,0.00672849263397386,0.027074694149565,0.248515924013936,0.238966873735852,0.239848715210206,"Monthly"
"Large_Cap: 47%,  Fixed: 53%",47,0.00678003532001902,0.0275296445825718,0.246281251459064,0.236890007234225,0.237757275539667,"Monthly"
"Large_Cap: 48%,  Fixed: 52%",48,0.00683157800606418,0.0279875674761268,0.244093310784922,0.234855722848118,0.235708801209676,"Monthly"
"Large_Cap: 49%,  Fixed: 51%",49,0.00688312069210934,0.0284483192905411,0.241951751940507,0.232863776898554,0.23370303871795,"Monthly"
"Large_Cap: 50%,  Fixed: 50%",50,0.00693466337815449,0.0289117647769933,0.239856108115296,0.230913810137564,0.231739618883267,"Monthly"
"Large_Cap: 51%,  Fixed: 49%",51,0.00698620606419965,0.0293777764546877,0.23780581471083,0.229005365973782,0.229818075139956,"Monthly"
"Large_Cap: 52%,  Fixed: 48%",52,0.00703774875024481,0.0298462341202506,0.235800225981265,0.227137906485401,0.227937859608812,"Monthly"
"Large_Cap: 53%,  Fixed: 47%",53,0.00708929143628997,0.0303170243879212,0.233838629595669,0.225310826458071,0.226098357183416,"Monthly"
"Large_Cap: 54%,  Fixed: 46%",54,0.00714083412233512,0.0307900402590287,0.231920259352087,0.223523465664163,0.22429889784956,"Monthly"
"Large_Cap: 55%,  Fixed: 45%",55,0.00719237680838028,0.0312651807192154,0.230044306251519,0.221775119579617,0.222538767435069,"Monthly"
"Large_Cap: 56%,  Fixed: 44%",56,0.00724391949442544,0.031742350361868,0.228209928119486,0.220065048715454,0.220817216968099,"Monthly"
"Large_Cap: 57%,  Fixed: 43%",57,0.0072954621804706,0.0322214590362349,0.226416257943702,0.218392486723187,0.219133470804004,"Monthly"
"Large_Cap: 58%,  Fixed: 42%",58,0.00734700486651575,0.032702421518746,0.224662411078771,0.216756647416904,0.217486733664274,"Monthly"
"Large_Cap: 59%,  Fixed: 41%",59,0.00739854755256091,0.0331851572060991,0.222947491452628,0.215156730839615,0.215876196715827,"Monthly"
"Large_Cap: 60%,  Fixed: 40%",60,0.00745009023860607,0.0336695898287324,0.221270596894781,0.21359192848768,0.214301042805021,"Monthly"
"Large_Cap: 61%,  Fixed: 39%",61,0.00750163292465123,0.034155647183364,0.219630823693044,0.212061427794615,0.212760450948191,"Monthly"
"Large_Cap: 62%,  Fixed: 38%",62,0.00755317561069638,0.0346432608833463,0.218027270473471,0.210564415964235,0.21125360016912,"Monthly"
"Large_Cap: 63%,  Fixed: 37%",63,0.00760471829674154,0.0351323661256475,0.216459041487385,0.209100083232957,0.209779672763623,"Monthly"
"Large_Cap: 64%,  Fixed: 36%",64,0.0076562609827867,0.03562290147334,0.214925249379717,0.207667625631932,0.208337857062249,"Monthly"
"Large_Cap: 65%,  Fixed: 35%",65,0.00770780366883186,0.0361148086525435,0.213425017504253,0.206266247311524,0.206927349753911,"Monthly"
"Large_Cap: 66%,  Fixed: 34%",66,0.00775934635487702,0.0366080323628322,0.211957481843657,0.204895162483373,0.205547357825911,"Monthly"
"Large_Cap: 67%,  Fixed: 33%",67,0.00781088904092217,0.0371025201001805,0.210521792585301,0.203553597028777,0.20419710016932,"Monthly"
"Large_Cap: 68%,  Fixed: 32%",68,0.00786243172696733,0.0375982219915812,0.209117115397846,0.202240789816391,0.202875808892875,"Monthly"
"Large_Cap: 69%,  Fixed: 31%",69,0.00791397441301249,0.0380950906405266,0.207742632448113,0.200955993767094,0.201582730383416,"Monthly"
"Large_Cap: 70%,  Fixed: 30%",70,0.00796551709905764,0.0385930809825991,0.206397543193018,0.19969847669935,0.200317126146314,"Monthly"
"Large_Cap: 71%,  Fixed: 29%",71,0.0080170597851028,0.0390921501504684,0.205081064977101,0.198467521984382,0.199078273455321,"Monthly"
"Large_Cap: 72%,  Fixed: 28%",72,0.00806860247114796,0.0395922573476415,0.203792433462464,0.197262429036905,0.197865465837684,"Monthly"
"Large_Cap: 73%,  Fixed: 27%",73,0.00812014515719312,0.0400933637303578,0.202530902914607,0.196082513664039,0.196678013417243,"Monthly"
"Large_Cap: 74%,  Fixed: 26%",74,0.00817168784323827,0.0405954322970635,0.20129574636478,0.194927108292249,0.195515243135396,"Monthly"
"Large_Cap: 75%,  Fixed: 25%",75,0.00822323052928343,0.0410984277849403,0.200086255666857,0.193795562089701,0.194376498867416,"Monthly"
"Large_Cap: 76%,  Fixed: 24%",76,0.00827477321532859,0.0416023165730015,0.198901741464528,0.192687240999289,0.193261141449391,"Monthly"
"Large_Cap: 77%,  Fixed: 23%",77,0.00832631590137375,0.0421070665913017,0.197741533082567,0.191601527695648,0.192168548629172,"Monthly"
"Large_Cap: 78%,  Fixed: 22%",78,0.0083778585874189,0.0426126472358405,0.196604978354231,0.190537821477845,0.191098114953028,"Monthly"
"Large_Cap: 79%,  Fixed: 21%",79,0.00842940127346406,0.0431190292887706,0.195491443395256,0.189495538107905,0.190049251598222,"Monthly"
"Large_Cap: 80%,  Fixed: 20%",80,0.00848094395950922,0.0436261848435469,0.194400312333608,0.188474109604098,0.189021386160417,"Monthly"
"Large_Cap: 81%,  Fixed: 19%",81,0.00853248664555438,0.0441340872346827,0.193330987002925,0.187472983996696,0.188013962403694,"Monthly"
"Large_Cap: 82%,  Fixed: 18%",82,0.00858402933159953,0.0446427109717995,0.19228288660655,0.186491625052984,0.187026439979919,"Monthly"
"Large_Cap: 83%,  Fixed: 17%",83,0.00863557201764469,0.0451520316776829,0.191255447358152,0.185529511977359,0.186058294123353,"Monthly"
"Large_Cap: 84%,  Fixed: 16%",84,0.00868711470368985,0.0456620260300736,0.190248122104096,0.18458613909161,0.185109015325591,"Monthly"
"Large_Cap: 85%,  Fixed: 15%",85,0.00873865738973501,0.0461726717069476,0.189260379932056,0.183661015499804,0.184178108995239,"Monthly"
"Large_Cap: 86%,  Fixed: 14%",86,0.00879020007578016,0.0466839473350508,0.188291705769713,0.182753664741554,0.183265095106154,"Monthly"
"Large_Cap: 87%,  Fixed: 13%",87,0.00884174276182532,0.0471958324414754,0.18734159997685,0.181863624436986,0.18236950783752,"Monthly"
"Large_Cap: 88%,  Fixed: 12%",88,0.00889328544787048,0.0477083074080777,0.18640957793369,0.180990445926207,0.181490895208599,"Monthly"
"Large_Cap: 89%,  Fixed: 11%",89,0.00894482813391564,0.0482213534285513,0.185495169627891,0.180133693905709,0.180628818710572,"Monthly"
"Large_Cap: 90%,  Fixed: 10%",90,0.0089963708199608,0.0487349524679841,0.18459791924227,0.179292946063774,0.179782852937536,"Monthly"
"Large_Cap: 91%,  Fixed: 9%",91,0.00904791350600595,0.0492490872247383,0.183717384744972,0.178467792716634,0.178952585218423,"Monthly"
"Large_Cap: 92%,  Fixed: 8%",92,0.00909945619205111,0.0497637410945046,0.182853137483588,0.177657836446896,0.178137615251331,"Monthly"
"Large_Cap: 93%,  Fixed: 7%",93,0.00915099887809627,0.050278898136392,0.182004761784403,0.176862691745465,0.177337554741503,"Monthly"
"Large_Cap: 94%,  Fixed: 6%",94,0.00920254156414143,0.0507945430409239,0.181171854557825,0.176081984658028,0.176552027044024,"Monthly"
"Large_Cap: 95%,  Fixed: 5%",95,0.00925408425018658,0.0513106610998207,0.180354024910798,0.175315352436963,0.175780666812081,"Monthly"
"Large_Cap: 96%,  Fixed: 4%",96,0.00930562693623174,0.0518272381774568,0.179550893766888,0.174562443199394,0.17502311965151,"Monthly"
"Large_Cap: 97%,  Fixed: 3%",97,0.0093571696222769,0.0523442606838879,0.178762093494562,0.173822915591959,0.174279041782197,"Monthly"
"Large_Cap: 98%,  Fixed: 2%",98,0.00940871230832206,0.0528617155493518,0.17798726754409,0.173096438462756,0.173548099706786,"Monthly"
"Large_Cap: 99%,  Fixed: 1%",99,0.00946025499436721,0.0533795902001519,0.177226070093365,0.172382690540833,0.172829969887059,"Monthly"
"Large_Cap: 100%,  Fixed: 0%",100,0.00951179768041237,0.0538978725358387,0.176478165702879,0.171681360123474,0.172124338428242,"Monthly"
"Large_Cap: 0%,  Fixed: 100%",0,0.0547001721580534,0.0644785697172385,0.848346549837149,0.794206132706742,0.809538527288621,"12 Months"
"Large_Cap: 1%,  Fixed: 99%",1,0.0553891778469985,0.0641278951667122,0.863729858948343,0.809293382413629,0.824709620080714,"12 Months"
"Large_Cap: 2%,  Fixed: 98%",2,0.0560781835359436,0.0638456450467142,0.878339994762566,0.823662864350474,0.839147254433096,"12 Months"
"Large_Cap: 3%,  Fixed: 97%",3,0.0567671892248887,0.0636327298764978,0.892106771704841,0.837246691566229,0.852782892431706,"12 Months"
"Large_Cap: 4%,  Fixed: 96%",4,0.0574561949138338,0.0634898472106037,0.904966659050926,0.849983117369315,0.865554282152569,"12 Months"
"Large_Cap: 5%,  Fixed: 95%",5,0.0581452006027789,0.063417470410782,0.916864079032917,0.86181778598699,0.877406721757784,"12 Months"
"Large_Cap: 6%,  Fixed: 94%",6,0.058834206291724,0.0634158408835297,0.927752521641709,0.872704814131613,0.888294150474178,"12 Months"
"Large_Cap: 7%,  Fixed: 93%",7,0.0595232119806691,0.0634849640766539,0.937595426671405,0.882607655767915,0.898180018253405,"12 Months"
"Large_Cap: 8%,  Fixed: 92%",8,0.0602122176696143,0.0636246093885774,0.946366794990873,0.891499712992095,0.907037896762185,"12 Months"
"Large_Cap: 9%,  Fixed: 91%",9,0.0609012233585594,0.0638343139938874,0.954051505345402,0.899364669346857,0.914851808020809,"12 Months"
"Large_Cap: 10%,  Fixed: 90%",10,0.0615902290475045,0.0641133904381722,0.960645328948857,0.906196536947601,0.921616262315788,"12 Months"
"Large_Cap: 11%,  Fixed: 89%",11,0.0622792347364496,0.0644609377147971,0.966154650309303,0.911999424148794,0.927336012601074,"12 Months"
"Large_Cap: 12%,  Fixed: 88%",12,0.0629682404253947,0.0648758554151738,0.970595917732856,0.916787044799724,0.932025547115467,"12 Months"
"Large_Cap: 13%,  Fixed: 87%",13,0.0636572461143398,0.0653568604495064,0.973994859552967,0.92058200225759,0.935708354199537,"12 Months"
"Large_Cap: 14%,  Fixed: 86%",14,0.0643462518032849,0.0659025057715418,0.97638551144547,0.923414890380394,0.93841600242319,"12 Months"
"Large_Cap: 15%,  Fixed: 85%",15,0.06503525749223,0.0665112005101855,0.977809105735064,0.92532325923574,0.940187084657573,"12 Months"
"Large_Cap: 16%,  Fixed: 84%",16,0.0657242631811751,0.067181230911842,0.97831287532408,0.926350495161022,0.941066076575081,"12 Months"
"Large_Cap: 17%,  Fixed: 83%",17,0.0664132688701203,0.0679107815265037,0.977948823106991,0.926544663384563,0.941102158538614,"12 Months"
"Large_Cap: 18%,  Fixed: 82%",18,0.0671022745590654,0.0686979561227037,0.97677250308891,0.925957357231759,0.940348045525514,"12 Months"
"Large_Cap: 19%,  Fixed: 81%",19,0.0677912802480105,0.0695407978852664,0.97484185268995,0.92464259172917,0.938858863371767,"12 Months"
"Large_Cap: 20%,  Fixed: 80%",20,0.0684802859369556,0.0704373085288483,0.972216107730874,0.922655771974524,0.936691102023726,"12 Months"
"Large_Cap: 21%,  Fixed: 79%",21,0.0691692916259007,0.0713854660434671,0.96895482315382,0.920052758714852,0.933901668412773,"12 Months"
"Large_Cap: 22%,  Fixed: 78%",22,0.0698582973148458,0.0723832408702731,0.96511701431064,0.916889045812796,0.930547053676132,"12 Months"
"Large_Cap: 23%,  Fixed: 77%",23,0.0705473030037909,0.0734286103825415,0.960760426164409,0.913219057176534,0.926682622234207,"12 Months"
"Large_Cap: 24%,  Fixed: 76%",24,0.071236308692736,0.0745195716152765,0.955940931336924,0.909095564612517,0.922362024034531,"12 Months"
"Large_Cap: 25%,  Fixed: 75%",25,0.0719253143816811,0.075654152245093,0.950712052772308,0.904569223107731,0.917636726260462,"12 Months"
"Large_Cap: 26%,  Fixed: 74%",26,0.0726143200706263,0.0768304198694062,0.945124602911889,0.899688216303603,0.912555657021229,"12 Months"
"Large_Cap: 27%,  Fixed: 73%",27,0.0733033257595714,0.078046489670458,0.939226428620761,0.894498002330184,0.907164950929079,"12 Months"
"Large_Cap: 28%,  Fixed: 72%",28,0.0739923314485165,0.0793005305760227,0.933062249534163,0.889041148601973,0.901507784900606,"12 Months"
"Large_Cap: 29%,  Fixed: 71%",29,0.0746813371374616,0.0805907700458474,0.926673576824939,0.883357243472157,0.89562429182543,"12 Months"
"Large_Cap: 30%,  Fixed: 70%",30,0.0753703428264067,0.0819154976223226,0.920098699441553,0.877482872622575,0.889551539745101,"12 Months"
"Large_Cap: 31%,  Fixed: 69%",31,0.0760593485153518,0.0832730673869347,0.913372725444785,0.871451648558754,0.883323564701656,"12 Months"
"Large_Cap: 32%,  Fixed: 68%",32,0.0767483542042969,0.0846618994621035,0.906527667013319,0.865294282425416,0.876971446288511,"12 Months"
"Large_Cap: 33%,  Fixed: 67%",33,0.077437359893242,0.0860804806923139,0.899592558852385,0.859038688423371,0.87052341602978,"12 Months"
"Large_Cap: 34%,  Fixed: 66%",34,0.0781263655821871,0.0875273646301228,0.892593601010806,0.852710112284562,0.864004989916919,"12 Months"
"Large_Cap: 35%,  Fixed: 65%",35,0.0788153712711323,0.0890011709426076,0.885554318402804,0.846331276464238,0.857439117659018,"12 Months"
"Large_Cap: 36%,  Fixed: 64%",36,0.0795043769600774,0.0905005843428769,0.878495730578506,0.83992253587694,0.850846342393309,"12 Months"
"Large_Cap: 37%,  Fixed: 63%",37,0.0801933826490225,0.0920243531399989,0.871436526448845,0.833502039094692,0.844244965714083,"12 Months"
"Large_Cap: 38%,  Fixed: 62%",38,0.0808823883379676,0.0935712874895629,0.864393239720992,0.827085890916448,0.837651213885743,"12 Months"
"Large_Cap: 39%,  Fixed: 61%",39,0.0815713940269127,0.0951402574164048,0.857380421727213,0.820688313094538,0.83107940199661,"12 Months"
"Large_Cap: 40%,  Fixed: 60%",40,0.0822603997158578,0.0967301906710167,0.8504108091302,0.814321800763246,0.824542093581052,"12 Months"
"Large_Cap: 41%,  Fixed: 59%",41,0.0829494054048029,0.0983400704719539,0.843495484665731,0.807997272759742,0.818050253891801,"12 Months"
"Large_Cap: 42%,  Fixed: 58%",42,0.083638411093748,0.099968933178226,0.836644029647054,0.801724214565705,0.811613395549736,"12 Months"
"Large_Cap: 43%,  Fixed: 57%",43,0.0843274167826932,0.101615865928223,0.829864667415802,0.795510813039073,0.80523971574486,"12 Months"
"Large_Cap: 44%,  Fixed: 56%",44,0.0850164224716383,0.103280004275167,0.823164397293502,0.789364082460414,0.798936224521388,"12 Months"
"Large_Cap: 45%,  Fixed: 55%",45,0.0857054281605834,0.104960529843369,0.81654911887812,0.783289981698908,0.792708863963081,"12 Months"
"Large_Cap: 46%,  Fixed: 54%",46,0.0863944338495285,0.106656668024597,0.810023746753504,0.777293522519814,0.78656261831373,"12 Months"
"Large_Cap: 47%,  Fixed: 53%",47,0.0870834395384736,0.108367685729665,0.803592315846927,0.771378869218826,0.780501615232302,"12 Months"
"Large_Cap: 48%,  Fixed: 52%",48,0.0877724452274187,0.110092889206724,0.797258077791074,0.765549429888226,0.774529218502217,"12 Months"
"Large_Cap: 49%,  Fixed: 51%",49,0.0884614509163638,0.111831621934723,0.791023588730561,0.759807939703303,0.768648112597844,"12 Months"
"Large_Cap: 50%,  Fixed: 50%",50,0.0891504566053089,0.113583262597989,0.78489078906673,0.754156536672353,0.762860379565817,"12 Months"
"Large_Cap: 51%,  Fixed: 49%",51,0.089839462294254,0.115347223145781,0.778861075664653,0.748596830325592,0.757167568710256,"12 Months"
"Large_Cap: 52%,  Fixed: 48%",52,0.0905284679831991,0.117122946938966,0.772935367058127,0.743129963832724,0.751570759584688,"12 Months"
"Large_Cap: 53%,  Fixed: 47%",53,0.0912174736721443,0.11890990698457,0.76711416218651,0.737756670039818,0.746070618793543,"12 Months"
"Large_Cap: 54%,  Fixed: 46%",54,0.0919064793610894,0.120707604257878,0.761397593185112,0.732477321907045,0.740667451096155,"12 Months"
"Large_Cap: 55%,  Fixed: 45%",55,0.0925954850500345,0.122515566110842,0.755785472731373,0.72729197781249,0.735361245288963,"12 Months"
"Large_Cap: 56%,  Fixed: 44%",56,0.0932844907389796,0.124333344764909,0.750277336424616,0.722200422165903,0.730151715319394,"12 Months"
"Large_Cap: 57%,  Fixed: 43%",57,0.0939734964279247,0.126160515885857,0.744872480649544,0.717202201751654,0.725038337059426,"12 Months"
"Large_Cap: 58%,  Fixed: 42%",58,0.0946625021168698,0.127996677237839,0.739569996344288,0.712296658193668,0.72002038113956,"12 Months"
"Large_Cap: 59%,  Fixed: 41%",59,0.0953515078058149,0.129841447413589,0.73436879906374,0.707482956907778,0.715096942215804,"12 Months"
"Large_Cap: 60%,  Fixed: 40%",60,0.09604051349476,0.131694464637547,0.729267655699012,0.702760112879569,0.710266965014174,"12 Months"
"Large_Cap: 61%,  Fixed: 39%",61,0.0967295191837052,0.133555385638582,0.724265208184622,0.698127013578901,0.705529267469697,"12 Months"
"Large_Cap: 62%,  Fixed: 38%",62,0.0974185248726503,0.135423884588934,0.719359994496943,0.693582439296399,0.700882561250371,"12 Months"
"Large_Cap: 63%,  Fixed: 37%",63,0.0981075305615954,0.137299652106004,0.71455046722078,0.689125081162495,0.696325469931263,"12 Months"
"Large_Cap: 64%,  Fixed: 36%",64,0.0987965362505405,0.139182394313679,0.709835009935812,0.684753557086281,0.691856545060118,"12 Months"
"Large_Cap: 65%,  Fixed: 35%",65,0.0994855419394856,0.141071831959939,0.705211951651247,0.680466425829659,0.687474280333602,"12 Months"
"Large_Cap: 66%,  Fixed: 34%",66,0.100174547628431,0.14296769958758,0.700679579495264,0.676262199411976,0.683177124082595,"12 Months"
"Large_Cap: 67%,  Fixed: 33%",67,0.100863553317376,0.14486974475501,0.696236149845827,0.672139354021642,0.678963490245887,"12 Months"
"Large_Cap: 68%,  Fixed: 32%",68,0.101552559006321,0.146777727304197,0.691879898071002,0.668096339593983,0.674831767994036,"12 Months"
"Large_Cap: 69%,  Fixed: 31%",69,0.102241564695266,0.14869141867295,0.687609047030134,0.664131588198823,0.67078033014912,"12 Months"
"Large_Cap: 70%,  Fixed: 30%",70,0.102930570384211,0.150610601248884,0.683421814471868,0.660243521366892,0.666807540531428,"12 Months"
"Large_Cap: 71%,  Fixed: 29%",71,0.103619576073156,0.152535067762505,0.679316419451102,0.656430556471065,0.662911760350813,"12 Months"
"Large_Cap: 72%,  Fixed: 28%",72,0.104308581762101,0.154464620717043,0.675291087874288,0.652691112266552,0.659091353748328,"12 Months"
"Large_Cap: 73%,  Fixed: 27%",73,0.104997587451046,0.156399071852726,0.671344057271121,0.649023613683383,0.655344692582821,"12 Months"
"Large_Cap: 74%,  Fixed: 26%",74,0.105686593139992,0.15833824164337,0.667473580880307,0.645426495954822,0.651670160547275,"12 Months"
"Large_Cap: 75%,  Fixed: 25%",75,0.106375598828937,0.160281958823258,0.663677931127834,0.641898208156563,0.648066156690746,"12 Months"
"Large_Cap: 76%,  Fixed: 24%",76,0.107064604517882,0.162230059942395,0.659955402567801,0.638437216223649,0.644531098413738,"12 Months"
"Large_Cap: 77%,  Fixed: 23%",77,0.107753610206827,0.164182388948364,0.656304314348332,0.635042005504956,0.641063423997599,"12 Months"
"Large_Cap: 78%,  Fixed: 22%",78,0.108442615895772,0.166138796793093,0.652723012258391,0.631711082908674,0.637661594722066,"12 Months"
"Large_Cap: 79%,  Fixed: 21%",79,0.109131621584717,0.168099141062967,0.649209870405216,0.628442978686503,0.634324096619221,"12 Months"
"Large_Cap: 80%,  Fixed: 20%",80,0.109820627273662,0.170063285630804,0.645763292566718,0.625236247899112,0.631049441906936,"12 Months"
"Large_Cap: 81%,  Fixed: 19%",81,0.110509632962607,0.172031100328306,0.642381713258299,0.622089471600824,0.627836170140176,"12 Months"
"Large_Cap: 82%,  Fixed: 18%",82,0.111198638651552,0.174002460637708,0.639063598549221,0.619001257777318,0.624682849114341,"12 Months"
"Large_Cap: 83%,  Fixed: 17%",83,0.111887644340498,0.175977247401397,0.635807446659775,0.615970242066497,0.621588075551101,"12 Months"
"Large_Cap: 84%,  Fixed: 16%",84,0.112576650029443,0.17795534654838,0.632611788367016,0.612995088289312,0.618550475593796,"12 Months"
"Large_Cap: 85%,  Fixed: 15%",85,0.113265655718388,0.179936648836533,0.629475187243741,0.610074488814403,0.615568705136493,"12 Months"
"Large_Cap: 86%,  Fixed: 14%",86,0.113954661407333,0.181921049609647,0.626396239752621,0.607207164777769,0.612641450008099,"12 Months"
"Large_Cap: 87%,  Fixed: 13%",87,0.114643667096278,0.183908448568345,0.623373575214917,0.604391866176324,0.609767426030566,"12 Months"
"Large_Cap: 88%,  Fixed: 12%",88,0.115332672785223,0.185898749554003,0.620405855671017,0.601627371852064,0.606945378968044,"12 Months"
"Large_Cap: 89%,  Fixed: 11%",89,0.116021678474168,0.187891860344865,0.617491775648063,0.598912489381718,0.604174084381977,"12 Months"
"Large_Cap: 90%,  Fixed: 10%",90,0.116710684163113,0.189887692463605,0.614630061848179,0.59624605488505,0.601452347405401,"12 Months"
"Large_Cap: 91%,  Fixed: 9%",91,0.117399689852058,0.19188616099562,0.611819472769264,0.59362693276351,0.598779002448214,"12 Months"
"Large_Cap: 92%,  Fixed: 8%",92,0.118088695541004,0.193887184417403,0.609058798268899,0.591054015379546,0.596152912843814,"12 Months"
"Large_Cap: 93%,  Fixed: 7%",93,0.118777701229949,0.195890684434367,0.606346859080709,0.588526222685756,0.593572970446297,"12 Months"
"Large_Cap: 94%,  Fixed: 6%",94,0.119466706918894,0.197896585827567,0.603682506291384,0.586042501811948,0.591038095186365,"12 Months"
"Large_Cap: 95%,  Fixed: 5%",95,0.120155712607839,0.199904816308754,0.601064620785612,0.583601826617254,0.588547234593082,"12 Months"
"Large_Cap: 96%,  Fixed: 4%",96,0.120844718296784,0.201915306383276,0.59849211266528,0.581203197213586,0.586099363287808,"12 Months"
"Large_Cap: 97%,  Fixed: 3%",97,0.121533723985729,0.203927989220346,0.595963920648533,0.578845639465996,0.583693482455865,"12 Months"
"Large_Cap: 98%,  Fixed: 2%",98,0.122222729674674,0.205942800530247,0.593479011453587,0.576528204474779,0.581328619300811,"12 Months"
"Large_Cap: 99%,  Fixed: 1%",99,0.122911735363619,0.207959678448046,0.59103637917158,0.574249968043639,0.579003826485611,"12 Months"
"Large_Cap: 100%,  Fixed: 0%",100,0.123600741052565,0.209978563423447,0.588635044632193,0.572010030137625,0.576718181564427,"12 Months"
"Large_Cap: 0%,  Fixed: 100%",0,0.78759315661688,0.569923949505263,1.38192675935196,1.31602627678961,1.31829763852966,"120 Months"
"Large_Cap: 1%,  Fixed: 99%",1,0.799835075132673,0.567244006079791,1.41003706792834,1.3438252386385,1.34610733142356,"120 Months"
"Large_Cap: 2%,  Fixed: 98%",2,0.812076993648465,0.564881091472227,1.43760696880822,1.3711181734436,1.37340981229146,"120 Months"
"Large_Cap: 3%,  Fixed: 97%",3,0.824318912164258,0.562839198553095,1.46457267774412,1.39784267138921,1.40014262394576,"120 Months"
"Large_Cap: 4%,  Fixed: 96%",4,0.83656083068005,0.561121831876605,1.49087200525111,1.42393776537199,1.42624475715186,"120 Months"
"Large_Cap: 5%,  Fixed: 95%",5,0.848802749195842,0.559731978579799,1.51644498023768,1.44934453800185,1.4516572582022,"120 Months"
"Large_Cap: 6%,  Fixed: 94%",6,0.861044667711635,0.558672083011839,1.54123446274545,1.4740067196054,1.47632382742769,"120 Months"
"Large_Cap: 7%,  Fixed: 93%",7,0.873286586227427,0.557944025583526,1.56518673233233,1.49787126415977,1.50019139556057,"120 Months"
"Large_Cap: 8%,  Fixed: 92%",8,0.88552850474322,0.55754910625661,1.58825203880007,1.52088889020065,1.52321066498087,"120 Months"
"Large_Cap: 9%,  Fixed: 91%",9,0.897770423259012,0.55748803300732,1.61038510264708,1.54301457436213,1.5453366034946,"120 Months"
"Large_Cap: 10%,  Fixed: 90%",10,0.910012341774804,0.557760915501282,1.63154555380945,1.56420798630979,1.56652887939797,"120 Months"
"Large_Cap: 11%,  Fixed: 89%",11,0.922254260290597,0.558367264111103,1.65169829889434,1.58443385538147,1.5867522281387,"120 Months"
"Large_Cap: 12%,  Fixed: 88%",12,0.934496178806389,0.559305994297075,1.67081380914011,1.60366226118746,1.60597674282514,"120 Months"
"Large_Cap: 13%,  Fixed: 87%",13,0.946738097322182,0.560575436259913,1.68886832366166,1.62186884265189,1.62417808306791,"120 Months"
"Large_Cap: 14%,  Fixed: 86%",14,0.958980015837974,0.562173349666254,1.70584396504618,1.63903492239316,1.6413375990576,"120 Months"
"Large_Cap: 15%,  Fixed: 85%",15,0.971221934353766,0.564096943146825,1.72172876693106,1.65514754582619,1.65744237026971,"120 Months"
"Large_Cap: 16%,  Fixed: 84%",16,0.983463852869559,0.56634289817728,1.7365166157018,1.67019943680344,1.67248516062519,"120 Months"
"Large_Cap: 17%,  Fixed: 83%",17,0.995705771385351,0.568907396875555,1.75020711077721,1.68418887388574,1.6864642942103,"120 Months"
"Large_Cap: 18%,  Fixed: 82%",18,1.00794768990114,0.571786153189487,1.76280535000489,1.69711949334898,1.69938345767624,"120 Months"
"Large_Cap: 19%,  Fixed: 81%",19,1.02018960841694,0.574974446905578,1.77432164839227,1.7090000267126,1.71125143711981,"120 Months"
"Large_Cap: 20%,  Fixed: 80%",20,1.03243152693273,0.578467159884768,1.78477119969678,1.71984398186868,1.72208179853904,"120 Months"
"Large_Cap: 21%,  Fixed: 79%",21,1.04467344544852,0.582258813923462,1.7941736912648,1.72966927776668,1.73189252183391,"120 Months"
"Large_Cap: 22%,  Fixed: 78%",22,1.05691536396431,0.586343609646762,1.80255288294357,1.7384978430688,1.74070559878123,"120 Months"
"Large_Cap: 23%,  Fixed: 77%",23,1.06915728248011,0.59071546586429,1.80993616091598,1.74635518925259,1.74854660547317,"120 Months"
"Large_Cap: 24%,  Fixed: 76%",24,1.0813992009959,0.595368058854828,1.81635407696532,1.75326996834102,1.75544425941087,"120 Months"
"Large_Cap: 25%,  Fixed: 75%",25,1.09364111951169,0.60029486109203,1.8218398830238,1.75927352483789,1.7614299708406,"120 Months"
"Large_Cap: 26%,  Fixed: 74%",26,1.10588303802748,0.605489178976854,1.8264290699566,1.76439945060039,1.76653739707176,"120 Months"
"Large_Cap: 27%,  Fixed: 73%",27,1.11812495654327,0.610944189200832,1.83015891845355,1.76868315035537,1.77080200748917,"120 Months"
"Large_Cap: 28%,  Fixed: 72%",28,1.13036687505907,0.616652973425159,1.8330680687073,1.7721614244279,1.77426066583178,"120 Months"
"Large_Cap: 29%,  Fixed: 71%",29,1.14260879357486,0.622608551021868,1.83519611431538,1.77487207405831,1.77695123511628,"120 Months"
"Large_Cap: 30%,  Fixed: 70%",30,1.15485071209065,0.628803909683012,1.83658322460626,1.7768535334929,1.77891220939124,"120 Months"
"Large_Cap: 31%,  Fixed: 69%",31,1.16709263060644,0.635232033760393,1.83726979840356,1.77814453188653,1.78018237535922,"120 Months"
"Large_Cap: 32%,  Fixed: 68%",32,1.17933454912224,0.641885930250633,1.83729615114285,1.77878378698872,1.78080050583647,"120 Months"
"Large_Cap: 33%,  Fixed: 67%",33,1.19157646763803,0.648758652387548,1.83670223626739,1.7788097316233,1.78080508605731,"120 Months"
"Large_Cap: 34%,  Fixed: 66%",34,1.20381838615382,0.655843320845251,1.83552740096879,1.77826027313125,1.78023407298938,"120 Months"
"Large_Cap: 35%,  Fixed: 65%",35,1.21606030466961,0.663133142590971,1.8338101756131,1.77717258523495,1.7791246871139,"120 Months"
"Large_Cap: 36%,  Fixed: 64%",36,1.22830222318541,0.670621427456251,1.83158809560337,1.7755829312013,1.77751323554387,"120 Months"
"Large_Cap: 37%,  Fixed: 63%",37,1.2405441417012,0.678301602519096,1.82889755397014,1.77352651672542,1.77543496489779,"120 Months"
"Large_Cap: 38%,  Fixed: 62%",38,1.25278606021699,0.686167224408248,1.82577368264332,1.77103737061875,1.77292394200776,"120 Months"
"Large_Cap: 39%,  Fixed: 61%",39,1.26502797873278,0.694211989654382,1.8222502601296,1.76814825115257,1.77001296030905,"120 Months"
"Large_Cap: 40%,  Fixed: 60%",40,1.27726989724858,0.70242974322227,1.81835964318557,1.76489057576831,1.76673346961802,"120 Months"
"Large_Cap: 41%,  Fixed: 59%",41,1.28951181576437,0.710814485363337,1.8141327200236,1.7612943718053,1.76311552694536,"120 Months"
"Large_Cap: 42%,  Fixed: 58%",42,1.30175373428016,0.719360376930102,1.80959888260102,1.75738824590107,1.7591877659958,"120 Months"
"Large_Cap: 43%,  Fixed: 57%",43,1.31399565279595,0.72806174329333,1.80478601560933,1.75319936977577,1.7549773830632,"120 Months"
"Large_Cap: 44%,  Fixed: 56%",44,1.32623757131175,0.736913076999762,1.79972049988763,1.74875348020988,1.75051013712648,"120 Months"
"Large_Cap: 45%,  Fixed: 55%",45,1.33847948982754,0.745909039303604,1.79442722812043,1.74407489115009,1.74581036207943,"120 Months"
"Large_Cap: 46%,  Fixed: 54%",46,1.35072140834333,0.755044460698855,1.78892963083674,1.73918651602536,1.74090098917367,"120 Months"
"Large_Cap: 47%,  Fixed: 53%",47,1.36296332685912,0.764314340572552,1.78324971089528,1.73410989851376,1.73580357791362,"120 Months"
"Large_Cap: 48%,  Fixed: 52%",48,1.37520524537492,0.773713846091252,1.77740808481373,1.728865250165,1.73053835380685,"120 Months"
"Large_Cap: 49%,  Fixed: 51%",49,1.38744716389071,0.783238310425002,1.77142402947303,1.72347149344877,1.72512425153837,"120 Months"
"Large_Cap: 50%,  Fixed: 50%",50,1.3996890824065,0.792883230404792,1.76531553289621,1.71794630896008,1.71957896229919,"120 Months"
"Large_Cap: 51%,  Fixed: 49%",51,1.41193100092229,0.802644263701234,1.75909934796202,1.71230618566737,1.7139189841538,"120 Months"
"Large_Cap: 52%,  Fixed: 48%",52,1.42417291943808,0.812517225604162,1.75279104806561,1.70656647323483,1.70815967447765,"120 Months"
"Large_Cap: 53%,  Fixed: 47%",53,1.43641483795388,0.82249808547504,1.74640508387842,1.7007414355861,1.7023153036309,"120 Months"
"Large_Cap: 54%,  Fixed: 46%",54,1.44865675646967,0.832582962936643,1.73995484048826,1.69484430500028,1.69639910915947,"120 Months"
"Large_Cap: 55%,  Fixed: 45%",55,1.46089867498546,0.842768123857472,1.73345269431729,1.68888733614459,1.69042334992703,"120 Months"
"Large_Cap: 56%,  Fixed: 44%",56,1.47314059350125,0.853049976181795,1.72691006931968,1.68288185954896,1.68439935968352,"120 Months"
"Large_Cap: 57%,  Fixed: 43%",57,1.48538251201705,0.863425065650117,1.72033749205396,1.67683833411839,1.67833759966574,"120 Months"
"Large_Cap: 58%,  Fixed: 42%",58,1.49762443053284,0.873890071449314,1.71374464530657,1.67076639835847,1.67224770990547,"120 Months"
"Large_Cap: 59%,  Fixed: 41%",59,1.50986634904863,0.884441801826496,1.70714042001469,1.66467492005903,1.66613855899036,"120 Months"
"Large_Cap: 60%,  Fixed: 40%",60,1.52210826756442,0.89507718969603,1.70053296529804,1.65857204424162,1.66001829208319,"120 Months"
"Large_Cap: 61%,  Fixed: 39%",61,1.53435018608022,0.905793288264942,1.69392973646259,1.65246523922815,1.65389437705729,"120 Months"
"Large_Cap: 62%,  Fixed: 38%",62,1.54659210459601,0.916587266698116,1.68733754088402,1.64636134073285,1.64777364865014,"120 Months"
"Large_Cap: 63%,  Fixed: 37%",63,1.5588340231118,0.9274564058413,1.68076258171701,1.64026659391673,1.64166235057493,"120 Months"
"Large_Cap: 64%,  Fixed: 36%",64,1.57107594162759,0.938398094016943,1.67421049940797,1.63418669337543,1.63556617556097,"120 Months"
"Large_Cap: 65%,  Fixed: 35%",65,1.58331786014339,0.949409822905174,1.66768641101528,1.62812682105727,1.62949030332005,"120 Months"
"Large_Cap: 66%,  Fixed: 34%",66,1.59555977865918,0.96048918351987,1.66119494736212,1.6220916821295,1.62343943645704,"120 Months"
"Large_Cap: 67%,  Fixed: 33%",67,1.60780169717497,0.97163386228771,1.65474028806428,1.61608553882797,1.61741783436015,"120 Months"
"Large_Cap: 68%,  Fixed: 32%",68,1.62004361569076,0.982841637236248,1.6483261944888,1.61011224233893,1.61142934511989,"120 Months"
"Large_Cap: 69%,  Fixed: 31%",69,1.63228553420656,0.994110374295509,1.64195604070956,1.60417526277245,1.60547743553627,"120 Months"
"Large_Cap: 70%,  Fixed: 30%",70,1.64452745272235,1.00543802371619,1.63563284253367,1.5982777172944,1.59956521928171,"120 Months"
"Large_Cap: 71%,  Fixed: 29%",71,1.65676937123814,1.01682261660641,1.62935928467791,1.59242239649028,1.59369548329274,"120 Months"
"Large_Cap: 72%,  Fixed: 28%",72,1.66901128975393,1.02826226158793,1.6231377461782,1.58661178903742,1.58787071246775,"120 Months"
"Large_Cap: 73%,  Fixed: 27%",73,1.68125320826972,1.03975514157189,1.61697032411691,1.5808481047649,1.58209311274984,"120 Months"
"Large_Cap: 74%,  Fixed: 26%",74,1.69349512678552,1.0512995106534,1.61085885575366,1.5751332961813,1.57636463267535,"120 Months"
"Large_Cap: 75%,  Fixed: 25%",75,1.70573704530131,1.06289369112371,1.60480493914492,1.56946907855049,1.57068698346841,"120 Months"
"Large_Cap: 76%,  Fixed: 24%",76,1.7179789638171,1.07453607059826,1.59880995233655,1.56385694859482,1.56506165776101,"120 Months"
"Large_Cap: 77%,  Fixed: 23%",77,1.73022088233289,1.08622509925822,1.59287507121172,1.55829820190361,1.5594899470166,"120 Months"
"Large_Cap: 78%,  Fixed: 22%",78,1.74246280084869,1.09795928720328,1.58700128607417,1.55279394912281,1.55397295773335,"120 Months"
"Large_Cap: 79%,  Fixed: 21%",79,1.75470471936448,1.10973720191268,1.58118941704412,1.54734513099918,1.54851162650047,"120 Months"
"Large_Cap: 80%,  Fixed: 20%",80,1.76694663788027,1.12155746581157,1.57544012834126,1.54195253234986,1.54310673397849,"120 Months"
"Large_Cap: 81%,  Fixed: 19%",81,1.77918855639606,1.13341875393959,1.56975394152592,1.53661679502495,1.53775891787155,"120 Months"
"Large_Cap: 82%,  Fixed: 18%",82,1.79143047491186,1.14531979171841,1.56413124776621,1.53133842992807,1.5324686849564,"120 Months"
"Large_Cap: 83%,  Fixed: 17%",83,1.80367239342765,1.15725935281487,1.55857231919576,1.52611782815632,1.52723642222989,"120 Months"
"Large_Cap: 84%,  Fixed: 16%",84,1.81591431194344,1.16923625709635,1.55307731942305,1.52095527131832,1.52206240723357,"120 Months"
"Large_Cap: 85%,  Fixed: 15%",85,1.82815623045923,1.18124936867519,1.54764631325016,1.51585094108555,1.51694681761084,"120 Months"
"Large_Cap: 86%,  Fixed: 14%",86,1.84039814897503,1.19329759403847,1.54227927565544,1.51080492802927,1.51188973994887,"120 Months"
"Large_Cap: 87%,  Fixed: 13%",87,1.85264006749082,1.2053798802602,1.53697610009128,1.50581723979229,1.50689117795473,"120 Months"
"Large_Cap: 88%,  Fixed: 12%",88,1.86488198600661,1.21749521329237,1.53173660614531,1.50088780864189,1.50195106001201,"120 Months"
"Large_Cap: 89%,  Fixed: 11%",89,1.8771239045224,1.22964261633175,1.52656054661005,1.49601649844727,1.49706924616149,"120 Months"
"Large_Cap: 90%,  Fixed: 10%",90,1.8893658230382,1.24182114825935,1.52144761400343,1.49120311112241,1.49224553454664,"120 Months"
"Large_Cap: 91%,  Fixed: 9%",91,1.90160774155399,1.25402990214939,1.51639744657975,1.48644739257237,1.48747966736217,"120 Months"
"Large_Cap: 92%,  Fixed: 8%",92,1.91384966006978,1.26626800384479,1.51140963386797,1.48174903817875,1.48277133634131,"120 Months"
"Large_Cap: 93%,  Fixed: 7%",93,1.92609157858557,1.27853461059642,1.50648372177197,1.47710769785759,1.47812018781516,"120 Months"
"Large_Cap: 94%,  Fixed: 6%",94,1.93833349710137,1.29082890976321,1.50161921726477,1.47252298072082,1.47352582737529,"120 Months"
"Large_Cap: 95%,  Fixed: 5%",95,1.95057541561716,1.30315011757035,1.49681559270692,1.46799445937021,1.46898782416847,"120 Months"
